image: /home/team3/maps/playground.pgm
resolution: 0.050000
origin: [-8.463003, -8.396288, 0.000000]
negate: 0
occupied_thresh: 0.65
free_thresh: 0.196

